0.371855848689 0.391010369061 0.285489546096 0.250433899562 0.357515849302 0
0.431013611589 0.442209593925 0.30523547646 0.335489910511 0.435912797213 0
0.434506617162 0.392592311213 0.268900273262 0.362278673448 0.416438597743 0
0.378240186462 0.354106572467 0.472782234437 0.299193747618 0.369569780594 0
0.402419702619 0.412276368807 0.287082503775 0.335896094734 0.329396393978 0
0.401648445135 0.409826247672 0.292634265612 0.286399944425 0.432157483572 0
0.337412085445 0.352541247336 0.257393613274 0.321679903854 0.350894148741 0
0.468240800134 0.43834816972 0.302662843102 0.351963575953 0.411119568184 0
0.392284234484 0.373435749264 0.317537953112 0.374282149907 0.422356379679 0
0.338097763215 0.373555270461 0.291535417279 0.284194127932 0.393898628444 0
0.451051834685 0.462489160027 0.344552146103 0.370688758003 0.471433769602 0
0.406467889452 0.394222133225 0.270178353872 0.310914798954 0.367233016969 0
0.436605362975 0.440340796907 0.264968339579 0.330284874532 0.439678469835 0
0.387141501168 0.372219238715 0.295180434557 0.37416290456 0.423637251891 0
0.417341275922 0.436663214349 0.257474298472 0.363385755428 0.425698453235 0
0.481183134834 0.476761103596 0.338070923184 0.42184200223 0.47187254014 0
0.443221740404 0.4442859508 0.324971904124 0.358610152227 0.355939246771 0
0.394482489483 0.395346518777 0.253397802405 0.314135598715 0.411692460931 0
0.338833391544 0.412750817958 0.325028099758 0.372983391959 0.38278342751 0
0.395466001949 0.435678274961 0.285408868382 0.329270212541 0.429578901483 0
0.437649969159 0.444170181138 0.344615427691 0.273185199647 0.433215589976 0
0.271567981323 0.303701229543 0.338229711129 0.34202784607 0.287810415662 0
0.466255764145 0.466997188833 0.295886356675 0.359002614888 0.436064521725 0
0.405124518513 0.423077755658 0.286019976817 0.287873683354 0.42527764129 0
0.447672224576 0.459078247098 0.311694403836 0.385465827036 0.465843499317 0
0.320292277421 0.363685488855 0.359939797455 0.253530667139 0.350394972389 0
0.333285408748 0.402852170674 0.304507880857 0.309365344918 0.376296337769 0
0.385659212637 0.406528918586 0.268229843913 0.384231879094 0.415775857888 0
0.431440096488 0.439043699696 0.310358799986 0.27750253292 0.405441607704 0
0.322104164164 0.361607975484 0.232398076856 0.31906170234 0.386192162556 0
0.342891246138 0.372886169926 0.324725220337 0.335325481303 0.375502903203 0
0.439515826469 0.447175994819 0.306137881816 0.326565648799 0.45766522226 0
0.448634531133 0.463320972214 0.31594902371 0.274801588974 0.406532986885 0
0.42225706482 0.38379226938 0.298071203056 0.286447995627 0.409194844584 0
0.421840960876 0.407799596587 0.27965584726 0.281205962452 0.398901074968 0
0.367118644137 0.320396845521 0.36139083481 0.375870050571 0.366061383094 0
0.43252156411 0.417238358995 0.311275588234 0.297402692265 0.44160443805 0
0.343005781962 0.341732564493 0.318041594517 0.323612654312 0.353806589746 0
0.426492169606 0.413271860794 0.288590467578 0.309990059881 0.379853425196 0
0.45040355033 0.470217925133 0.323142917365 0.341434445414 0.449975728565 0
0.394968235661 0.444361905928 0.280328274004 0.364082652309 0.420220799139 0
0.431034749584 0.428790025589 0.316753988895 0.256495105454 0.404985691077 0
0.394294976253 0.44481398482 0.310162928668 0.261312919508 0.391861015235 0
0.337747854201 0.358421848562 0.299327423721 0.239900081231 0.330527186228 0
0.477798670544 0.469048090138 0.344479648774 0.302920200218 0.445951492622 0
0.367316261106 0.413238714842 0.312264397964 0.251283254782 0.380973391711 0
0.443132584815 0.442813658939 0.272548495382 0.40971304531 0.460016131114 0
0.408977941934 0.405897522308 0.286734094945 0.275324639348 0.403742754792 0
0.44776749947 0.432701743869 0.281944547241 0.335983594529 0.445956361828 0
0.343939869565 0.391092588285 0.290734628228 0.244831777365 0.35213759807 0
0.46576959143 0.490993517257 0.341497373745 0.435303525232 0.504894420999 0
0.40064068158 0.379108514157 0.270917999864 0.332566745408 0.434078108637 0
0.316092661445 0.371241811178 0.309738816618 0.288084460387 0.35286466744 0
0.380304941404 0.370206920445 0.324074098651 0.319514983503 0.37013789361 0
0.457533055539 0.44999912435 0.306173624636 0.351961014773 0.446313857212 0
0.363853087868 0.393322420893 0.292030921401 0.251645005895 0.347809119957 0
0.484957569421 0.499337702371 0.322433401801 0.434611959174 0.476809362779 0
0.376690856556 0.401276497028 0.27631309222 0.300459350211 0.405479331302 0
0.342433785549 0.356582735938 0.223089029277 0.316487684586 0.3714809133 0
0.362243691012 0.423226954821 0.310885616747 0.275995125451 0.396547183933 0
0.447237043215 0.465767920888 0.329158038709 0.297169894776 0.389068040086 0
0.430109173979 0.440112138674 0.31416560165 0.322610444921 0.457423622336 0
0.40267157269 0.393566977305 0.295879082113 0.267753140645 0.384060712277 0
0.390788197146 0.408718269535 0.337610512325 0.318674182215 0.428560074107 0
0.400342841046 0.380173608619 0.280574708337 0.29371020414 0.392955718389 0
0.325386847352 0.32005923527 0.2775916691 0.333158360233 0.339776357746 0
0.389302641282 0.329182416905 0.317981467659 0.33269968365 0.391771676793 0
0.391440683489 0.412536694167 0.273935904341 0.366207607275 0.429598983628 0
0.391795024699 0.393840273928 0.314712356558 0.203562189072 0.376032516854 0
0.405742431838 0.392316245335 0.277955419009 0.268705080369 0.402788331366 0
0.423725157141 0.423602629268 0.290781615468 0.368278754868 0.465229700073 0
0.406857686001 0.428457546106 0.287573928274 0.316364740589 0.382181372619 0
0.459746696733 0.430334243507 0.270826832915 0.363138179706 0.425701202536 0
0.375730948685 0.400400918726 0.346979678956 0.22582669921 0.389627174108 0
0.402983771479 0.412281334086 0.312257985078 0.323053401672 0.37740577818 0
0.434350205239 0.422078682559 0.28287620634 0.361875667035 0.463991982525 0
0.385447509305 0.397364377459 0.270204746807 0.317920427795 0.388954828208 0
0.36287817 0.391632756498 0.267827618067 0.383567495997 0.430957715129 0
0.427311375364 0.423336581501 0.284556202215 0.332796590496 0.417815673861 0
0.417618972922 0.397505784533 0.321439243446 0.387364995692 0.436644065645 0
0.252400173361 0.275687009585 0.317853697588 0.34290371998 0.285408425222 1
0.410213702309 0.382209705447 0.301644211058 0.330990910431 0.327198750926 1
0.266193168986 0.317700629443 0.285675769791 0.307636872304 0.311253880241 1
0.281437673026 0.274203420153 0.373373497852 0.344000536639 0.264801114204 1
0.423231164114 0.420053117746 0.259603551058 0.340359474386 0.424175402713 1
0.258731572345 0.300859203478 0.290123709857 0.317583368703 0.278874306248 1
0.231607415202 0.280937529325 0.344957837939 0.358952225947 0.244808387836 1
0.308927142886 0.315241340583 0.329549085812 0.341869451229 0.291189416743 1
0.286725882465 0.304519753002 0.373978430909 0.356806923399 0.29800267801 1
0.280722052892 0.366533164431 0.324556050972 0.320513701968 0.312515007991 1
0.25379081931 0.28557540657 0.33832718133 0.346858556229 0.298417737192 1
0.302795390997 0.325724335036 0.35488128742 0.326258384333 0.307162367999 1
0.25188097475 0.248083836645 0.341944198915 0.353347071489 0.279075421285 1
0.251787121145 0.294088829551 0.289093430958 0.350645914678 0.28269771995 1
0.287952326044 0.306653240227 0.33439058135 0.344417760602 0.300156529121 1
0.234777918297 0.337935047544 0.311572570085 0.37537967604 0.273904318367 1
0.281957627014 0.373408602454 0.322334847036 0.322475251275 0.375082094968 1
0.289327508691 0.287676793863 0.334504935169 0.32892632382 0.316965571552 1
0.322621277303 0.338946967563 0.232878111592 0.339141157707 0.344865891736 1
0.25841860388 0.323389377152 0.339479401324 0.314882125036 0.273762375691 1
0.267970911482 0.287138258895 0.342167374584 0.337873844882 0.243942479464 1
0.248652744279 0.29789253415 0.316451837992 0.319236512633 0.278373945074 1
0.246974559211 0.337803405594 0.354439714164 0.343605432208 0.263853367428 1
0.271449027467 0.283549052724 0.37693998079 0.33518687716 0.303348895888 1
0.248600478976 0.224923614708 0.278512721491 0.36101564619 0.258536805666 1
0.272385633794 0.276644707989 0.337270337271 0.33722301728 0.244966142298 1
0.310673734234 0.3330830719 0.343215881813 0.250574220894 0.316977302348 1
0.224923025116 0.276530701472 0.306244632849 0.342483595496 0.292214523379 1
0.280885793349 0.30012986382 0.371606353901 0.346625191321 0.337446437113 1
0.301332341495 0.325790071114 0.364786990027 0.326040483054 0.32491251368 1
0.314403945795 0.307799377336 0.343309380239 0.350117958959 0.316060873028 1
0.272841238465 0.298590277822 0.370924866883 0.379912548663 0.281397996179 1
0.294803027999 0.292032611127 0.374953664488 0.334486621822 0.281246733755 1
0.305087824702 0.338926233203 0.261584503802 0.310281095701 0.296990567813 1
0.340157682064 0.278567274843 0.442724240702 0.375585853402 0.343768678529 1
0.219470468847 0.277360939444 0.357645863637 0.378916666461 0.285654100724 1
0.256611728118 0.251271712434 0.365581329742 0.350148650209 0.243854943916 1
0.304393480384 0.258025655889 0.321556678881 0.36846143131 0.337137077985 1
0.250655027851 0.312918036606 0.311258342649 0.327660436614 0.280928026668 1
0.245837722212 0.310442095592 0.207506046842 0.351158162101 0.337038211083 1
0.25898760949 0.274046558094 0.365451590154 0.357486005557 0.279539750201 1
0.245250814023 0.256123394476 0.336228153626 0.359973321318 0.268468281533 1
0.210507874858 0.309594595186 0.336203463201 0.350874281392 0.253710373942 1
0.268377456181 0.243501599401 0.323253655829 0.332404684154 0.27328693674 1
0.243580676821 0.25082045498 0.349159770107 0.372447627411 0.281725956691 1
0.31070663946 0.285234001721 0.30963777075 0.307685177041 0.329429901789 1
0.272792647634 0.28386605689 0.403065232985 0.322291953623 0.316106903318 1
0.254707773289 0.287303853727 0.37056234982 0.343976151271 0.263930087402 1
0.259090077765 0.293209710561 0.330183558216 0.336027061026 0.298711209753 1
0.288054768054 0.316072831837 0.353889888314 0.382310421596 0.325647409413 1
0.266390881173 0.258782215224 0.273312809885 0.39041349103 0.309912408824 1
0.274198531611 0.298184316672 0.254530804002 0.302710956178 0.297543996786 1
0.258339814055 0.258770744273 0.322097881904 0.348421789481 0.255254386777 1
0.265416357696 0.330637183388 0.279766439581 0.303251199621 0.284742503914 1
0.475530604171 0.444473974587 0.338446442567 0.400819725829 0.424341910685 1
0.306554785877 0.274095029258 0.41509922571 0.364679506186 0.302560211085 1
0.244274138451 0.285467263096 0.371692194645 0.347558195725 0.276271215109 1
0.31111644656 0.330484202918 0.245405006094 0.344600315877 0.343734521735 1
0.235518246837 0.275779139204 0.306014019538 0.331874504217 0.225284820851 1
0.374568257075 0.345995189748 0.460805063877 0.362174523824 0.376496981064 1
0.268465703593 0.303358810528 0.282683610458 0.326858139572 0.287638283147 1
0.272644560945 0.287404253789 0.361245489928 0.348108496752 0.305445041727 1
0.245763350557 0.217900694519 0.343207195091 0.379358164702 0.257406427633 1
0.276059602083 0.296687813848 0.36652718132 0.343478247777 0.258338720238 1
0.246973646526 0.267855378291 0.271730053744 0.333118421321 0.266148781103 1
0.232645689055 0.30980375107 0.320656704141 0.322222978218 0.275511307284 1
0.25643020658 0.321926881534 0.365887315229 0.327646164478 0.326842211729 1
0.284319902286 0.251525178156 0.301133723323 0.381375208148 0.291499931453 1
0.25052461023 0.306067517457 0.284335874669 0.328838036428 0.246425288316 1
0.254890418064 0.264293525744 0.343640007749 0.310220731137 0.27254299113 1
0.22945248426 0.278053600121 0.292270343199 0.339095214002 0.241017152011 1
0.292769796191 0.304192797767 0.342836802881 0.328195096189 0.310299500115 1
0.309855632863 0.316252519353 0.421241749712 0.367288081406 0.321840268066 1
0.276399935577 0.314569111607 0.279682727682 0.330385458504 0.278120014091 1
0.230452020733 0.248005831447 0.312526566203 0.331152910789 0.298264918795 1
0.242647650256 0.239878370554 0.272815240002 0.394962403771 0.319713075506 1
0.258495765867 0.308684608952 0.293078910242 0.372359405458 0.312068212045 1
0.237965621494 0.271367357694 0.253605973242 0.352221906168 0.260957620849 1
0.24553231823 0.289958812526 0.309270495534 0.33836222552 0.326412520782 1
0.229749482307 0.261612330571 0.347855287581 0.340561380255 0.241782930652 1
0.298746221748 0.311227166758 0.326225082769 0.287188146219 0.295102494903 2
0.364896562947 0.372666467849 0.350276167421 0.252242459003 0.347502224132 2
0.31716323162 0.334207420958 0.29897335756 0.259227715615 0.320951403878 2
0.399568968987 0.311669268575 0.495029857125 0.36232131885 0.391890333244 2
0.313735720939 0.305830029386 0.279020850652 0.294065841921 0.297195579374 2
0.288640362036 0.27372580391 0.332893679839 0.302585227414 0.300203515127 2
0.345890974817 0.336424566285 0.331401945689 0.2712766327 0.375425866277 2
0.37121185049 0.388681650171 0.360538823579 0.22822078621 0.383323511976 2
0.388538226645 0.418123651433 0.306185324376 0.312138506235 0.374290006451 2
0.320260719725 0.389666471371 0.297362785939 0.308339839109 0.298989809805 2
0.289797485346 0.247924553499 0.300736385841 0.322721272741 0.30948066717 2
0.309261084751 0.364912846516 0.341145084954 0.300988902797 0.270595273098 2
0.378636189639 0.332262237144 0.415371596755 0.349479444173 0.375069822505 2
0.272444423418 0.319407734796 0.326442369499 0.308408250055 0.336473465964 2
0.269604599466 0.266184169287 0.356825874719 0.323545643793 0.273941482947 2
0.333947916416 0.405560493438 0.33449466508 0.263059268763 0.335760898696 2
0.413362437005 0.291653134235 0.482082338174 0.417165046845 0.373818610891 2
0.313337198309 0.353138336356 0.256143294623 0.319666005703 0.329486577122 2
0.23906305414 0.276424679362 0.304206445354 0.313487640865 0.299818236652 2
0.36333231256 0.3835352627 0.4155549783 0.317908955085 0.330268343415 2
0.331013698882 0.370026491597 0.426486243365 0.296444370868 0.372255150684 2
0.332813502237 0.304917991477 0.335786517992 0.288647006387 0.32663579204 2
0.329796633232 0.354576226556 0.333395939793 0.286060751416 0.301914650364 2
0.370250739871 0.429756876027 0.366530279373 0.331985100323 0.356452623535 2
0.351232257805 0.367908404863 0.415422270924 0.288429335228 0.350437543054 2
0.357716530053 0.326252296417 0.361204828771 0.305930221311 0.338226155031 2
0.317220035355 0.346377496105 0.31786046755 0.289474210707 0.328059266629 2
0.3447344374 0.336233505849 0.370361674778 0.292679346119 0.315270226669 2
0.305351758611 0.359849381804 0.270711982129 0.274552345116 0.335332644118 2
0.326235192703 0.302694925575 0.323061796843 0.263783689676 0.347928637202 2
0.321858296577 0.346988240987 0.269194518061 0.276325462614 0.320960539024 2
0.351511466166 0.368876199253 0.29375966701 0.283981484176 0.322873493365 2
0.303726791719 0.330651477667 0.353518889336 0.274133227547 0.335827516631 2
0.339748026692 0.318189782186 0.390332254825 0.306571668718 0.364268844465 2
0.403947662106 0.405272526189 0.281178929265 0.384799983752 0.463384888394 2
0.359476984817 0.337422117569 0.292724868052 0.247206440355 0.366043411857 2
0.324160700179 0.320494000557 0.48719971097 0.349699228718 0.332291143309 2
0.301876774849 0.329055773699 0.33676349197 0.260519902121 0.339691116775 2
0.37815392698 0.37279026845 0.381265821794 0.283846322849 0.360757769387 2
0.295478353059 0.308835355486 0.29192757582 0.291789514073 0.29529304268 2
0.309220073435 0.308205633008 0.381089750805 0.312706743889 0.295056020723 2
0.330832694205 0.373611030061 0.400310227607 0.309371788548 0.316612393784 2
0.322428049815 0.331731642706 0.380528856912 0.292629005149 0.350171291226 2
0.367375899294 0.381330137241 0.362549663339 0.274609608222 0.333355099589 2
0.380191872924 0.382019144142 0.343782236598 0.308781021599 0.342363855003 2
0.321000963786 0.261828204464 0.318320727096 0.347787056243 0.311922282364 2
0.365555791297 0.298280114159 0.425908436519 0.319786605126 0.345236452374 2
0.355256575603 0.313529904668 0.383806556471 0.396545848241 0.393995020198 2
0.327039945018 0.319693851 0.313656285045 0.250964556363 0.354706128476 2
0.350422121981 0.333482063233 0.305675514171 0.302567009795 0.358025356957 2
0.361139215949 0.311977092985 0.402752665395 0.325685675225 0.349284588478 2
0.366511330786 0.371651789991 0.362639570747 0.295011542094 0.344140943639 2
0.302184899759 0.334333117052 0.343343955568 0.277123135618 0.287506992026 2
0.316322317829 0.357387762475 0.366208604022 0.277654073271 0.315655625502 2
0.29045944413 0.320021668028 0.258918988706 0.305872780208 0.327896930893 2
0.335361120791 0.312018617524 0.425108539797 0.302695699485 0.312455675835 2
0.348076084597 0.357828198507 0.401208322542 0.309315761005 0.382656714636 2
0.264453768684 0.323249388094 0.377388280912 0.311946071404 0.288248562273 2
0.301620946875 0.289242363676 0.375934330521 0.286111401344 0.296437149905 2
0.315961847032 0.271610952946 0.301877301133 0.30929805629 0.3121258258 2
0.307249641902 0.313802029912 0.314380893891 0.275252768652 0.298151589032 2
0.325991457755 0.307192482939 0.376981886849 0.303904684986 0.334078401053 2
0.358025508487 0.327122591344 0.326404688615 0.306653278949 0.305999349752 2
0.378084013502 0.334621746415 0.324997908234 0.340409549697 0.329069070849 2
0.33906908796 0.369005847464 0.476228393464 0.349687364234 0.392281358676 2
0.307682742021 0.309085341599 0.328784573731 0.268846062325 0.321054740681 2
0.327545023052 0.270195572681 0.369090556842 0.335288460255 0.339540927855 2
0.39404034892 0.338850183613 0.476727427452 0.324656497204 0.364900354014 2
0.325866067703 0.309143700992 0.361882123968 0.288585395182 0.316951456045 2
0.315561696695 0.275685457899 0.345072051031 0.28872107302 0.308905466471 2
0.300990635093 0.316656427733 0.32592477743 0.278748631552 0.314874721824 2
0.31942515442 0.301911092399 0.358278410205 0.281860699182 0.309317858033 2
0.305416251096 0.30060749633 0.329053100881 0.323692092855 0.305306335022 2
0.359941452547 0.37023453887 0.276374529597 0.271575773213 0.335312895588 2
0.302665136614 0.321969556631 0.294717891471 0.274904515758 0.306202407389 2
0.298541551037 0.316499813821 0.332053874785 0.283645334184 0.279697493719 2
0.291162618348 0.262017737444 0.295930428521 0.326425157536 0.292755579832 2
0.307041936143 0.380145814386 0.276928546222 0.290549820952 0.343153125723 2
0.304016463177 0.307125878981 0.296127928127 0.276154248006 0.310153249461 2
0.287738238197 0.324653967325 0.301306882742 0.314374626285 0.313522618841 2
0.331035631346 0.354399349784 0.284099749734 0.336346510213 0.364642361834 3
0.465888916889 0.437489585412 0.28705951446 0.38645466625 0.459971358844 3
0.439327289555 0.381847677954 0.40692269999 0.387295941424 0.409294379458 3
0.396905507163 0.411078067987 0.270618806248 0.31583592621 0.368189614914 3
0.428841613452 0.43431008983 0.30250163391 0.298448005563 0.384541470772 3
0.37929135371 0.419012485106 0.277024136694 0.310745580627 0.398126699245 3
0.369792617173 0.363068889025 0.254008313149 0.35268419158 0.376249625184 3
0.400456061815 0.427407754669 0.289560192204 0.320855201479 0.432463630364 3
0.361131508138 0.318381921947 0.407385927363 0.34164105017 0.373125877039 3
0.380117216888 0.35655377194 0.253728859021 0.326058187238 0.382849297274 3
0.36957039084 0.39375107111 0.217886839898 0.346038031218 0.381080229793 3
0.409963416516 0.449417210117 0.29054694356 0.380607032829 0.427421583577 3
0.379367248688 0.402513724648 0.290676907431 0.281015659911 0.392052070673 3
0.452961418677 0.460671075074 0.335841956035 0.388289105054 0.425373922769 3
0.392800210525 0.416897655928 0.294145149953 0.313715631157 0.378834691823 3
0.388389730926 0.439403032804 0.316423051362 0.330156399745 0.389396115445 3
0.377268262396 0.397676583679 0.233395858629 0.339739887531 0.421200664138 3
0.305478029311 0.319662271532 0.366538667698 0.31593256917 0.340973972583 3
0.404712599653 0.398106913844 0.269922125939 0.358352212219 0.40948858173 3
0.435947450893 0.406821593753 0.246955918458 0.368690792232 0.433047427251 3
0.406459167862 0.378783760825 0.298001622847 0.326032367511 0.3813218356 3
0.332055885815 0.307076187581 0.345807240543 0.320672503788 0.323134344148 3
0.360372654423 0.388981843306 0.297789048634 0.317867123199 0.377243860925 3
0.333866575095 0.287348267138 0.385953881088 0.348693687918 0.336623241201 3
0.317913938372 0.347678036725 0.227897300937 0.299762188575 0.318727931385 3
0.407327683481 0.415365415728 0.275865539321 0.332612123022 0.382741974721 3
0.399854383286 0.396059553881 0.29555801972 0.313379019439 0.357210753365 3
0.3843887898 0.373616321501 0.253601942796 0.336692062304 0.393937294111 3
0.299238733296 0.350738370489 0.301818013593 0.258943922105 0.303188695241 3
0.359795895423 0.372921531129 0.271551097067 0.299886978383 0.37562175912 3
0.400325347137 0.408775272764 0.502861668317 0.446940025191 0.458696753973 3
0.418920671366 0.403891576811 0.296449949218 0.352116862113 0.416308827773 3
0.45713547063 0.466202010074 0.327581864462 0.376585381328 0.430295704713 3
0.416506760984 0.402963297722 0.242551809436 0.380444508015 0.418684227886 3
0.378259071252 0.396390057721 0.310699207407 0.296478072055 0.398337472212 3
0.375902375599 0.389347983978 0.256658308805 0.343464606609 0.361910008607 3
0.355882955264 0.372642307175 0.318156698072 0.316294791981 0.401621005475 3
0.436777189516 0.422516985876 0.319084869437 0.337875105382 0.350764099241 3
0.419594468789 0.420905533843 0.275491387408 0.301685872535 0.392261114879 3
0.466515048812 0.464903883453 0.292614024518 0.368816070622 0.432940046649 3
0.444422030658 0.43841055793 0.278921909695 0.363506697039 0.405504797517 3
0.41014089859 0.405924374993 0.247158199078 0.363125682723 0.412702880998 3
0.320533020957 0.308393823636 0.375058059087 0.307687921773 0.309319887298 3
0.387695095943 0.395846234981 0.205563935809 0.377740850683 0.421618217727 3
0.44458488524 0.433335135896 0.309555620039 0.37506098696 0.444225871786 3
0.336608022172 0.282555747217 0.390720700038 0.353296778402 0.317249464712 3
0.397603902605 0.342615004084 0.351762000279 0.325553173457 0.362873504897 3
0.447153345125 0.411304822991 0.347769570501 0.352210201834 0.368606488011 3
0.363024361772 0.412026884862 0.257377563301 0.330897165647 0.420494487145 3
0.431018245394 0.42948398003 0.307662204028 0.271313987823 0.369693132134 3
0.391597887113 0.400609838246 0.371405638795 0.27146206256 0.383110880659 3
0.348767706471 0.33072105668 0.314824977429 0.299139790098 0.329097939482 3
0.418030999075 0.39158258648 0.290977207758 0.345472344078 0.44287201585 3
0.353101030617 0.369663139459 0.281550690953 0.312105030664 0.401867076984 3
0.395973159632 0.359146075261 0.292354669554 0.320599240958 0.373687034781 3
0.450829807292 0.463927564538 0.276403345747 0.380101760883 0.422138428342 3
0.452998846956 0.452431463635 0.280010180806 0.369367432706 0.405957134757 3
0.430685973219 0.429938503908 0.269824087149 0.383066189852 0.457470998187 3
0.364075205834 0.394675789969 0.294083169722 0.298282049946 0.335102495387 3
0.457582571689 0.375568394364 0.497243954752 0.461854794499 0.397028462951 3
0.273974673344 0.312033121875 0.339599712655 0.325756946678 0.34411802126 3
0.390123639725 0.377953966651 0.296667276162 0.345697153549 0.405738346914 3
0.426654495759 0.442034989269 0.338652876683 0.382427024194 0.47062270957 3
0.370156460794 0.358203696437 0.39429349692 0.386600143508 0.432640456312 3
0.348698455804 0.350276598921 0.297349805193 0.319605050694 0.370227060864 3
0.354003412016 0.348338316697 0.310544140574 0.296434867385 0.384544296733 3
0.389308187737 0.400833510195 0.273002339273 0.350846506187 0.396928478064 3
0.42113044751 0.435137848879 0.32316360928 0.316258726888 0.354224080403 3
0.381590920783 0.402990422011 0.308863488108 0.32459878975 0.398480555423 3
0.368826569595 0.398696418672 0.326034294504 0.328731032868 0.369526837191 3
0.45572784323 0.414679709542 0.320093333616 0.367061881488 0.393245813466 3
0.381589978626 0.393763263771 0.351533160299 0.363499651962 0.40697722684 3
0.324890204188 0.282313873027 0.31184474463 0.320112757985 0.31655314685 3
0.440981044726 0.425200175939 0.290764648316 0.329467659165 0.392919440383 3
0.419751518776 0.407556370826 0.2762133025 0.344435648122 0.358033714386 3
0.436626607114 0.444948625253 0.271563589928 0.395933735395 0.459478678344 3
0.338908127991 0.321163047464 0.321583037107 0.317852260179 0.30479542945 3
0.37082777811 0.379961583743 0.255173721169 0.320176310513 0.385961822372 3
0.434402424019 0.441051830071 0.289756929136 0.346309753583 0.426796609557 3
0.357476626948 0.2584557064 0.39575156726 0.355793154923 0.33814016053 3
