0.618379550031 0.562085005249 0.275344924654 1.02252555603 0.613242999237
30.1404427389 30.791679313 30.052630191 31.1030488583 30.1980824237
45.1553809442 45.7933469993 44.6062154743 43.5144758382 45.1502443934
4.63913427204 22.0831254382 5.188299742 6.28003937811 4.64427082284
57.1084308363 59.084086522 57.0206182884 58.0710369557 57.1660705211
1.04197830192 1.03329528593 0.492812831964 0.826349155685 1.03684175113
1.16294407523 1.07177888926 0.613778605275 0.78650603787 1.15780752444
1.87101588977 1.92906410718 1.32185041981 0.569855749751 1.86587933898
1.17203069787 1.0611755046 0.622865227908 0.664078669211 1.16689414707
1.32029988014 1.23547640739 0.77113441018 0.735367022262 1.31516332934
2.50658531482 2.70494093115 1.95741984486 0.86568020876 2.50144876403
1.90471111925 1.86421636428 1.3555456493 0.513362818097 1.89957456846
1.28569301779 1.25080895232 0.736527547835 0.833675027942 1.280556467
7.53150337257 9.99274450468 8.08066884253 9.17240847863 7.53663992336
1.34207079132 1.31167185548 0.792905321362 0.84370270715 1.33693424053
3.42955304957 3.40583409588 2.88038757961 1.78864794351 3.42441649878
17.6672573381 52.3401012256 17.1180918681 16.026352232 17.6621207873
24.4491585007 25.1135760251 23.8999930307 22.8082533946 24.4440219499
1.17524719742 1.21194561747 0.626081727459 0.466579006023 1.17011064662
2.27168859695 2.30560970632 1.72252312699 0.630783490885 2.26655204615
3.45247491762 3.35378883444 2.90330944766 1.81156981156 3.44733836682
1.86492331292 2.0956131129 1.31575784296 0.224018206859 1.85978676213
7.04571797948 7.91414038523 6.49655250952 5.40481287342 7.04058142868
5.36723742191 6.15727560358 4.81807195196 3.72633231585 5.36210087112
31.7725573117 38.7070412939 31.2233918417 30.1316522056 31.7674207609
1.18128912008 1.16438243188 0.632123650116 0.554121399176 1.17615256928
9.58804975898 17.9643513771 9.50023721108 10.5506558784 9.64568944376
3.88497690634 4.49353849348 3.33581143638 2.24407180028 3.87984035554
2.27379897129 2.34440937364 1.72463350133 0.632893865232 2.2686624205
5.00688418161 8.45297668707 5.55604965157 6.64778928767 5.0120207324
3.77020334891 6.02759776052 4.31936881887 5.41110845497 3.7753398997
2.93403039786 2.85305818204 2.3848649279 1.2931252918 2.92889384707
1.30466430323 1.22024849879 0.755498833272 0.727546954496 1.29952775244
34.343921445 47.2557757472 33.794755975 32.7030163389 34.3387848942
1.34559594942 1.25623363142 0.79643047946 0.692783801253 1.34045939862
4.2502274344 7.07218353202 4.79939290435 5.89113254046 4.25536398519
30.2181568029 37.1433200694 30.130344255 31.1807629223 30.2757964877
0.857815331232 0.844913466037 0.308649861273 0.816010554372 0.852678780438
1.35273712152 1.24178157126 0.80357165156 0.67187721243 1.34760057072
3.31712468256 3.61531985759 2.7679592126 1.6762195765 3.31198813176
3.50948048684 5.69181326358 4.0586459568 5.1503855929 3.51461703763
3.63370580291 18.6157752822 4.18287127287 5.27461090897 3.63884235371
3.89496014066 4.05538732967 3.3457946707 2.2540550346 3.88982358986
2.26609639514 2.30613322261 1.71693092518 0.625191289082 2.26095984435
15.7630344401 22.2984538473 15.6752218922 16.7256405595 15.8206741249
14.7897353575 20.7192023082 14.7019228096 15.7523414769 14.8473750423
4.62716579421 4.68475929218 4.07800032425 2.98626068815 4.62202924342
1.31244592784 1.33661118812 0.763280457882 0.757169429217 1.30730937705
32.7601454628 38.4356128504 32.672332915 33.7227515823 32.8177851476
18.3769315823 32.5131160036 18.2891190344 19.3395377017 18.4345712671
3.34811453554 3.47948692619 2.79894906558 1.70720942948 3.34297798475
1.79394335049 1.71290829312 1.24477788053 0.444925499574 1.7888067997
3.35471142589 3.45345980888 2.80554595593 1.71380631983 3.3495748751
0.707635536313 0.655817816039 0.458051056785 0.933269569747 0.702498985519
6.79040414975 7.32284983769 6.24123867979 5.14949904369 6.78526759896
1.11291492336 1.03448121169 0.563749453405 0.818081638643 1.10777837257
5.07285391422 8.46089923367 5.62201938417 6.71375902028 5.07799046501
1.27466321731 1.21507035806 0.725497747354 0.578541715796 1.26952666652
2.84495641584 3.34734118482 2.29579094588 1.20405130978 2.83981986504
1.82134247365 1.83341130607 1.27217700369 0.510756450315 1.81620592286
45.3538954698 55.233057351 45.2660829219 46.3165015892 45.4115351546
2.267844842 2.35905566814 1.71867937204 0.626939735938 2.2627082912
2.0900785674 2.22758169697 1.54091309745 0.503374794311 2.08494201661
1.11936764213 1.0923822991 0.570202172173 0.826598442924 1.11423109134
1.65534848222 1.58742623949 1.10618301226 0.632326431985 1.65021193142
1.64866434845 1.70344425648 1.0994988785 0.498211209543 1.64352779766
1.25658371637 1.37238021546 0.707418246416 0.483138440537 1.25144716558
9.31923676806 26.4264736999 9.23142422016 10.2818428875 9.37687645284
24.4111505612 25.4885005441 23.8850390368 22.8346203695 24.4060140104
8.01784881025 12.024298681 7.46868334029 6.37694370419 8.01271225946
3.45751147272 20.2978048272 4.00667694268 5.09841657878 3.46264802352
1.3288631706 1.30349881259 0.779697700645 0.805178567291 1.32372661981
3.20679833729 3.21293641364 2.65763286733 1.56589323123 3.2016617865
3.68797900139 6.88062990639 4.23714447135 5.32888410745 3.69311555219
1.39829741739 1.50210316761 0.849131947427 0.427600478726 1.39316086659
3.41520684449 5.78390349266 3.96437231445 5.05611195056 3.42034339529
1.36175159835 1.38455550877 0.81258612839 0.716343832668 1.35661504755
0.877188995991 0.883312220197 0.328023526032 0.860789835819 0.872052445197
1.6516667551 1.66144189123 1.10250128514 0.58925565401 1.64653020431
32.8103982533 89.1575241118 32.7225857054 33.7730043727 32.8680379381
0.16112400628 0.341562861646 0.388041463678 1.47978109978 0.155987455486
0.545215267971 0.510251995534 0.109509282104 1.09568983809 0.540078717177
0.209104386897 0.371636622541 0.340061083061 1.43180071916 0.203967836103
0.155449395552 0.1604616344 0.393716074407 1.48545571051 0.150312844758
1.28352106205 1.30146228041 0.734355592094 0.837097827709 1.27838451126
3.37939239406 7.59682210996 3.92855786401 5.02029750012 3.38452894485
6.76341651603 26.5900856901 6.67560396813 7.72602263544 6.82105620081
0.386804843875 0.36593013799 0.162360626083 1.25410026219 0.381668293081
7.61833942796 10.7883373393 8.16750489792 9.25924453402 7.62347597876
0.181598998743 0.290011489503 0.367566471215 1.45930610732 0.176462447949
0.0801798934636 0.350009894771 0.468985576495 1.5607252126 0.0990771859121
0.0663948826571 0.341491709561 0.482770587302 1.5745102234 0.100520845831
0.0297935253429 0.41749844471 0.545796103593 1.63753573969 0.027846159437
4.0071590258 8.26886638892 3.91934647791 4.96976514521 4.06479871058
0.0569805353833 0.413626094073 0.569113036157 1.66085267226 0.025084116992
0.170412350392 0.288591103088 0.378753119567 1.47049275567 0.165275799598
0.0975625804378 0.339001355866 0.451602889521 1.54334252562 0.0963950637837
0.0300525465874 0.289589799522 0.200623914443 1.27170306615 0.00133557119958
4.99619149648 7.24196806303 5.54535696644 6.63709660254 5.00132804728
0.100612373679 0.365275458888 0.44855309628 1.54029273238 0.111286280555
0.463566245498 0.395986252768 0.0855992244608 1.17733886056 0.458429694704
0.0901782534998 0.228827364887 0.458987216459 1.55072685256 0.0850417027058
0.106567307174 0.194012291226 0.442598162784 1.53433779889 0.10143075638
12.1627040183 28.0688704727 11.6135385484 10.5217989123 12.1575674675
4.37618514998 6.40114546513 4.92535061994 6.01709025604 4.38132170077
0.0593375283576 0.350724186252 0.489827941601 1.5815675777 0.0882909782992
0.182271403127 0.303764569988 0.366894066832 1.45863370293 0.177134852333
0.186228691297 0.280486228969 0.362936778662 1.45467641476 0.181092140503
0.0839680485765 0.298155367984 0.465197421382 1.55693705748 0.0955805126986
0.109071260564 0.2616374004 0.440094209394 1.5318338455 0.10393470977
0.228775761933 0.324981613056 0.320389708026 1.41212934413 0.223639211139
0.457155649955 0.44981294074 0.092009820004 1.18374945611 0.452019099161
0.0535195581174 0.313837360304 0.495645911841 1.58738554794 0.0483830073234
0.37029932197 0.323037471394 0.178866147989 1.27060578409 0.365162771176
0.164129335563 0.33448832659 0.385036134396 1.4767757705 0.158992784769
19.2454710409 24.374603693 19.7946365108 20.8863761469 19.2506075917
30.8668971797 36.4047191177 30.7790846318 31.8295032991 30.9245368644
0.660288650719 0.769887043171 0.229602259535 0.980616455341 0.655152099925
0.105564857518 0.333437978079 0.443600612441 1.53534024854 0.100428306724
0.263269127332 0.43136956956 0.285896342627 1.37763597873 0.258132576538
0.0595576288317 0.144166403792 0.489607841127 1.58134747723 0.0985089971286
0.0845534036103 0.387457923046 0.527591789261 1.61933142536 0.0269137188304
0.0697499696199 0.328579980862 0.479415500339 1.57115513644 0.0972785492863
0.16250117281 0.287517671287 0.386664297149 1.47840393325 0.157364622016
0.220725641271 0.376821169256 0.328439828688 1.42017946479 0.215589090477
3.03591095638 4.6744532449 3.58507642634 4.67681606244 3.04104750718
0.051248199657 0.152475832966 0.497917270302 1.5896569064 0.0833297687601
0.101923730303 0.312186678217 0.447241739655 1.53898137576 0.0967871795091
6.97245398289 12.0880336161 6.88464143499 7.93506010229 7.03009366767
0.0431574365539 0.358643696061 0.506008033405 1.59774766951 0.0633787040243
99.1370137676 100.471238031 98.5878482976 97.4961086615 99.1318772168
0.0925281168754 0.305986955545 0.456637353083 1.54837698918 0.0873915660814
0.0596268063773 0.325051315397 0.489538663581 1.58127829968 0.0717021102376
0.150689793784 0.389025041607 0.398475676174 1.49021531228 0.14555324299
1.40568944321 1.42915452741 0.856523973251 0.707466569403 1.40055289242
0.13238379654 0.227865391844 0.416781673419 1.50852130952 0.127247245746
0.0324798191894 0.228350799024 0.573792236359 1.66553187246 0.0297633171949
0.211640565509 0.375921882126 0.33752490445 1.42926454055 0.206504014715
0.0704716048792 0.275530803142 0.478693865079 1.57043350118 0.0653350540852
3.55011863839 5.54383623268 4.09928410835 5.19102374445 3.55525518918
102.816346785 139.011155639 103.365512255 104.457251891 102.821483336
0.125312724676 0.314068724076 0.423852745282 1.51559238138 0.120176173882
9.38751466564 13.5545799923 9.29970211774 10.350120785 9.44515435042
0.111117994701 0.287972266675 0.438047475257 1.52978711136 0.105981443907
7.32660287719 20.7623836389 7.87576834715 8.96750798325 7.33173942798
0.103445828585 0.338023133002 0.445719641374 1.53745927748 0.102684331813
0.0437796280621 0.38917645365 0.537747276277 1.62948691238 0.0138600567178
0.0655244166729 0.138199615951 0.483641053286 1.57538068939 0.0738552247943
5.07855139209 8.58125260304 5.62771686205 6.71945649815 5.08368794289
0.0792556143801 0.268937942902 0.469909855579 1.56164949168 0.078527821535
0.108993219694 0.294055698708 0.440172250265 1.53191188637 0.1038566689
0.095496729444 0.110323777818 0.453668740515 1.54540837662 0.09036017865
4.34580616197 30.409561377 4.89497163193 5.98671126803 4.35094271277
0.230517278125 0.331623989666 0.318648191833 1.41038782793 0.225380727331
4.30557008895 9.04279329332 4.21775754105 5.26817620835 4.36320977373
0.130548202381 0.195815380026 0.418617267578 1.51035690368 0.125411651587
0.173315961241 0.280789037814 0.375849508718 1.46758914482 0.168179410447
0.166679516128 0.332894867946 0.38248595383 1.47422558993 0.161542965334
0.0866534848172 0.123189557908 0.462511985141 1.55425162124 0.0871986402533
0.0956281050659 0.287530199081 0.453537364893 1.54527700099 0.0995631820488
0.165054673605 0.224042748382 0.384110796353 1.47585043245 0.159918122811
0.246808098174 0.185129615809 0.316625009273 1.39409700789 0.24167154738
0.19657011727 0.159847432404 0.352595352688 1.44433498879 0.191433566476
0.775308111224 0.720723135047 0.226142641265 0.947984001132 0.77017156043
4.99436314399 43.8440342715 5.54352861395 6.63526825005 4.99949969478
0.886028582498 1.08583303806 0.42799790062 0.754876523563 0.880892031704
0.739317040921 0.613396126477 0.190151570963 0.901588065139 0.734180490127
0.481504834098 0.392102289966 0.0676606358604 1.15940027196 0.476368283304
1.05870727605 1.13212755826 0.509541806087 0.731373512382 1.05357072525
0.264994935583 0.245840457459 0.284170534376 1.37591017048 0.259858384789
4.75646147377 4.88279296992 4.20729600381 3.11555636771 4.75132492297
1.04365556799 1.27011644335 0.49449009803 0.634510160418 1.03851901719
3.06440225844 3.67812581616 2.51523678848 1.42349715238 3.05926570764
0.914133796996 1.01743589129 0.543100059725 0.726771309064 0.908997246202
15.4883932454 17.7683171191 16.0375587154 17.1292983515 15.4935297962
1.05029638856 1.29864416419 0.501130918598 0.673156775756 1.04515983776
3.31269976298 6.16260405354 2.76353429302 1.67179465692 3.30756321219
1.01499750708 1.12502471296 0.971718656933 0.625907598981 1.00986095629
0.818438570731 0.734017092007 0.459493421808 0.822466535329 0.813302019937
16.5477785016 46.9180111596 16.4599659537 17.510384621 16.6054181864
0.387156330931 0.261580654685 0.218340889931 1.25374877513 0.382019780137
14.8413116839 21.058454754 14.292146214 13.2004065779 14.8361751331
36.8612174759 62.8748713215 36.773404928 37.8238235953 36.9188571607
1.0249748415 1.03508303831 0.512792305958 0.61593026456 1.01983829071
1.57936229848 1.63092400656 1.03019682852 0.601153677834 1.57422574769
0.634085162209 0.590895041236 0.108886442376 1.00681994385 0.628948611415
0.465247175664 0.423816082546 0.0839182942944 1.1756579304 0.46011062487
0.560812358143 0.498182224898 0.112551440369 1.08009274792 0.555675807349
0.511126507645 0.408604657167 0.07886516002 1.12977859841 0.505989956851
4.92647034976 7.97147195828 5.47563581972 6.56737545582 4.93160690056
1.15906525093 1.14843016232 0.609899780972 0.699468308502 1.15392870014
32.3396875999 37.4117526897 32.251875052 33.3022937193 32.3973272846
0.707198732063 0.64005064496 0.45166617439 0.933706373997 0.702062181269
0.816311513982 0.897611607596 0.336689996532 0.824593592079 0.811174963188
2.04257466357 2.24336915157 1.49340919361 0.401669557512 2.03743811278
0.545023936263 0.347335514311 0.469074570151 1.0958811698 0.539887385469
0.625016251967 0.510026937653 0.276702923982 1.01588885409 0.619879701173
0.348056352937 0.204760175833 0.253612177637 1.29284875312 0.342919802143
0.642286609445 0.539549170125 0.279190642895 0.998618496615 0.637150058651
3.69142248174 4.07807705959 3.14225701178 2.05051737568 3.68628593095
1.23869550558 1.18907251323 0.689530035616 0.837531838264 1.23355895478
0.590779814319 0.476443646507 0.135745899303 1.05012529174 0.585643263525
0.595194881044 0.477684889694 0.305981648363 1.04571022502 0.59005833025
0.796586211434 0.703687875368 0.247420741475 0.907225874438 0.79144966064
1.09919203226 0.980531227953 0.550026562298 0.787876202109 1.09405548146
4.03098351008 4.57689496494 3.48181804012 2.39007840402 4.02584695929
5.47882442367 8.00467515589 6.02798989363 7.11972952973 5.48396097446
4.25487518883 6.41794020244 4.80404065879 5.89578029489 4.26001173962
1.93223496976 2.0377564698 1.3830694998 0.291329863699 1.92709841897
1.02648651068 1.1625494254 0.62825904805 0.614418595379 1.02134995989
0.234259147816 0.300222891713 0.314906322143 1.40664595824 0.229122597022
2.52071328718 3.26592634126 1.97154781722 0.879808181119 2.51557673639
0.35177489339 0.228814872568 0.197390576568 1.28913021267 0.346638342596
0.836160451889 0.870270539792 0.544154473671 0.804744654171 0.831023901095
0.665917675127 0.79420259685 0.501560921469 0.974987430933 0.660781124333
0.835612982791 0.727629508414 0.286447512833 0.808878689522 0.830476431997
0.358886203592 0.282051789641 0.446698751489 1.29596270413 0.339805851138
0.106398449244 0.267531323197 0.507674017961 1.59941365406 0.0487587644642
0.481311803309 0.368505196885 0.286286182996 1.15959330275 0.476175252515
17.7524399814 27.0388931788 17.6646274335 18.7150461008 17.8100796662
0.755592887409 0.94571255645 0.82444533108 0.885312218652 0.750456336615
0.649293989416 0.690577907655 0.419181090139 0.991611116644 0.644157438622
7.36204726394 17.8286377353 7.27423471605 8.32465338335 7.41968694872
4.73910529282 10.6776411933 5.28827076278 6.38001039888 4.74424184362
0.66627540369 0.602331178851 0.130990276657 0.97462970237 0.661138852896
1.15948788086 1.1511416525 0.610322410897 0.481417225204 1.15435133006
3.47237846144 3.91097689149 2.92321299148 1.83147335538 3.46724191064
0.772591863858 0.669799803449 0.223426393899 0.893966016269 0.767455313064
0.603798986114 0.618436408538 0.197750816907 1.03710611995 0.59866243532
1.64076693905 1.94029751802 1.09160146909 0.074602510191 1.63563038826
3.14942372858 4.56172891729 2.60025825862 1.50851862252 3.14428717778
0.28289211722 0.184009807919 0.266273352739 1.35801298884 0.277755566426
0.660036266796 0.664472680737 0.110870796837 0.980868839264 0.654899716002
0.875594302032 0.794964325129 0.326428832073 0.765310804029 0.870457751238
0.468208366404 0.360447495846 0.169203170375 1.17269673966 0.46307181561
0.338608992441 0.353681350857 0.210556477517 1.30229611362 0.333472441647
0.232245891095 0.298621624598 0.316919578863 1.40865921496 0.227109340301
0.31605978314 0.243443662787 0.233105686819 1.32484532292 0.310923232346
0.257955699158 0.173068729646 0.291209770801 1.3829494069 0.252819148364
0.729547333893 0.809771151737 0.21462005043 0.911357772168 0.724410783099
10.7299184709 11.3762946957 10.1807530009 9.08901336482 10.7247819201
19.9900250468 27.9632956626 19.4408595768 18.3491199407 19.984888496
2.06110189154 2.06187829873 1.51193642159 0.420196785484 2.05596534075
2.48720887773 2.5804290775 1.93804340777 0.84630377167 2.48207232694
3.96023279016 6.47749915909 4.50939826012 5.60113789622 3.96536934096
1.89660040405 1.89143300574 1.34743493409 0.607780168068 1.89146385325
1.90715321434 1.85631490266 1.35798774438 0.597417999029 1.90201666354
2.23069522705 2.5292557109 1.68152975709 0.589790120991 2.22555867626
0.814216476565 0.685111902176 0.37626747343 0.826688629495 0.809079925771
3.36023293239 5.03789136881 3.90939840235 5.00113803845 3.36536948319
0.888304731173 0.934022695302 0.339139261214 0.768700825299 0.883168180379
1.98286995335 1.98530095051 1.4337044834 0.568085782567 1.97773340256
4.9293110091 7.27772382664 4.38014553914 3.28840590304 4.9241744583
2.26753999636 2.27325170145 1.7183745264 0.626634890302 2.26240344557
3.38357488951 6.36338703378 3.93274035947 5.02447999557 3.3887114403
16.3816357904 20.7463234319 16.9308012604 18.0225408965 16.3867723412
0.872474438067 1.10327934047 0.323308968109 0.768430667993 0.867337887273
1.21283585465 1.23198778119 0.663670384689 0.692966750559 1.20769930385
5.06483718045 9.10011540974 5.61400265041 6.70574228651 5.06997373125
0.671128370027 0.678433847253 0.121962900068 0.99085213564 0.665991819233
2.2106466823 2.44454457504 1.66148121234 0.569741576238 2.2055101315
20.2733419588 21.9620378667 19.7241764888 18.6324368527 20.268205408
1.28302923868 2.03452633675 0.733863768725 0.37736547007 1.27789268789
2.38875412431 2.52374100756 1.83958865435 0.747849018249 2.38361757352
1.05966105877 1.3940395848 0.654445295013 0.581244047293 1.05452450797
4.02506922997 4.36015508003 3.47590376002 2.38416412391 4.01993267918
14.8445840931 41.6676823176 14.7567715452 15.8071902125 14.9022237779
5.67618670852 12.614921059 6.22535217848 7.31709181458 5.68132325932
6.89066032408 8.12007911542 6.34149485412 5.24975521802 6.88552377329
5.01856056199 18.5786013494 5.56772603195 6.65946566805 5.02369711278
3.40183528618 6.57633536854 3.95100075614 5.04274039224 3.40697183697
1.19152570951 1.20804082859 0.642360239555 0.855755012975 1.18638915872
4.8739779832 7.38240887603 5.42314345316 6.51488308926 4.87911453399
1.82034315987 1.82407212242 1.27117768991 0.60286845534 1.81520660908
0.297667665946 0.366339425532 0.251497804013 1.34323744011 0.292531115152
3.91919520317 10.8790143503 3.83138265527 4.88180132257 3.97683488795
1.4581463685 1.38284145007 0.908980898537 0.723353968327 1.4530098177
3.44368145793 5.53156301896 3.99284692789 5.08458656399 3.44881800872
0.53974464817 0.538056919445 0.0716211226627 1.10116045789 0.534608097376
3.75541357016 54.5734313156 4.30457904012 5.39631867622 3.76055012096
0.217459585323 0.344975314138 0.331705884636 1.42344552074 0.212323034529
0.476882764409 0.366519822624 0.08965893414 1.16402234165 0.471746213615
2.62670440098 3.94764214139 2.07753893102 0.985799294917 2.62156785018
1.29064852204 1.75726280463 0.741483052081 0.618963895255 1.28551197125
3.53744957942 5.99799137423 4.08661504938 5.17835468548 3.54258613022
3.39828402523 19.371028689 3.31047147733 4.38384368104 3.45592371001
10.7738673099 11.6391129853 10.2247018399 9.13296220383 10.7687307591
0.636570762374 0.847933874065 0.37854420749 1.00433434369 0.63143421158
1.23542731562 1.20979173664 0.686261845658 0.777135562939 1.23029076482
1.60800361103 2.39787443878 1.05883814107 0.032901495032 1.60286706023
6.5828557276 10.8606770827 7.13202119756 8.22376083366 6.58799227839
10.7682418789 16.9782519072 10.680429331 11.7308479983 10.8258815637
27.801153057 75.6630962728 27.2519875871 26.160247951 27.7960165062
1.3703865226 1.3979162182 0.821221052642 0.800643062288 1.36524997181
217.327052794 217.719109705 216.777887324 215.686147688 217.321916243
214.462406727 216.324194266 214.374594179 215.425012846 214.520046412
3.61342468636 27.0925514297 4.16259015632 5.25432979242 3.61856123715
0.890893948488 1.04118445725 0.341728478529 0.862319767705 0.885757397694
2.41756589717 2.84124749939 1.86840042721 0.776660791105 2.41242934637
1.8164279034 1.84755956414 1.26726243344 0.607219209409 1.8112913526
0.149821821372 0.282112354974 0.399343648586 1.49108328469 0.144685270578
10.1981792838 14.5505800584 10.7473447538 11.8390843899 10.2033158346
15.4967113034 17.9915766528 14.9475458334 13.8558061973 15.4915747526
1.1179617755 1.09385436658 0.568796305542 0.921847891542 1.11282522471
2.46194359644 3.53040257502 1.91277812648 0.821038490375 2.45680704564
1.90765744951 2.14862590097 1.77500092344 0.724582256134 1.90252089872
3.35770304756 5.63261272483 3.90686851752 4.99860815362 3.36283959835
4.20977278826 28.5690216125 4.75893825822 5.85067789432 4.21490933905
3.52852911764 4.67328405691 2.97936364768 1.88762401158 3.52339256684
2.73114481791 3.02224630678 2.18197934795 1.09023971185 2.72600826712
3.63301338532 3.57555555797 3.08384791536 1.99210827926 3.62787683452
2.41877491973 2.45238632795 1.86960944977 0.77786981367 2.41363836894
2.75775480275 3.27871376201 2.20858933279 1.11684969669 2.75261825195
2.17043165055 3.14029101701 1.62126618059 0.529526544485 2.16529509975
0.420907703298 0.383389508281 0.12825776666 1.21999740276 0.415771152504
4.75999095099 9.29118424387 5.30915642095 6.40089605705 4.76512750179
2.05104429251 1.99248311243 1.50187882255 0.446177239594 2.04590774172
11.1406019272 16.9818500153 10.5914364573 9.49969682116 11.1354653764
7.99333947659 7.97890598779 7.44417400664 6.35243437053 7.9882029258
1.47351971101 1.45739389715 0.924354241047 0.700640560467 1.46838316021
